
html, body {
width: 100%;
height: 100%;
margin: 0px;
}

body {
-webkit-transform: matrix3d(1, 0, 0, 0, 0, 1, 0, 0, 0, 0, 1, 0, 0, 0, 0, 1);
-moz-transform: matrix3d(1, 0, 0, 0, 0, 1, 0, 0, 0, 0, 1, 0, 0, 0, 0, 1);
transform: matrix3d(1, 0, 0, 0, 0, 1, 0, 0, 0, 0, 1, 0, 0, 0, 0, 1);
-webkit-perspective: 1400px;
-moz-perspective: 1400px;
perspective: 1400px;
-webkit-transform-style: preserve-3d;
-moz-transform-style: preserve-3d;
transform-style: preserve-3d;
background-image: none;
}

.gwd-body {
background-color: rgb(0, 0, 0);
}

.gwd-canvas-4h0p {
position: absolute;
-webkit-transform-origin: 50% 50%;
-moz-transform-origin: 50% 50%;
transform-origin: 50% 50%;
-webkit-transform-style: preserve-3d;
-moz-transform-style: preserve-3d;
transform-style: preserve-3d;
-webkit-transform: matrix3d(-0.9109988408, 0, 0.4124089136, 0, 0.4124089136, 0, 0.9109988408, 0, 0, 1, 0, 0, 21.540329074, -1012.5, -67.169501719, 1);
-moz-transform: matrix3d(-0.9109988408, 0, 0.4124089136, 0, 0.4124089136, 0, 0.9109988408, 0, 0, 1, 0, 0, 21.540329074, -1012.5, -67.169501719, 1);
transform: matrix3d(-0.9109988408, 0, 0.4124089136, 0, 0.4124089136, 0, 0.9109988408, 0, 0, 1, 0, 0, 21.540329074, -1012.5, -67.169501719, 1);
opacity: 0.1;
left: 240.4px;
top: 347.6px;
width: 265px;
height: 2673.054824507px;
}

.gwd-img-36pp {
position: absolute;
-webkit-transform-style: preserve-3d;
-moz-transform-style: preserve-3d;
transform-style: preserve-3d;
top: 334px;
left: 546px;
width: 261px;
height: 570px;
-webkit-transform: matrix3d(0.9109988408, 0, -0.4124089136, 0, 0, 1, 0, 0, 0.4124089136, 0, 0.9109988408, 0, -877.0654646101, -194.8099975586, -1366.0901998473, 1);
-moz-transform: matrix3d(0.9109988408, 0, -0.4124089136, 0, 0, 1, 0, 0, 0.4124089136, 0, 0.9109988408, 0, -877.0654646101, -194.8099975586, -1366.0901998473, 1);
transform: matrix3d(0.9109988408, 0, -0.4124089136, 0, 0, 1, 0, 0, 0.4124089136, 0, 0.9109988408, 0, -877.0654646101, -194.8099975586, -1366.0901998473, 1);
-webkit-transform-origin: 50% 50% 0px;
-moz-transform-origin: 50% 50% 0px;
transform-origin: 50% 50% 0px;
}

.gwd-gen-3444gwdanimation {
-webkit-animation: gwd-gen-3444gwdanimation_animation 0s linear 0s 1 forwards;
-moz-animation: gwd-gen-3444gwdanimation_animation 0s linear 0s 1 forwards;
animation: gwd-gen-3444gwdanimation_animation 0s linear 0s 1 forwards;
}

.gwd-gen-cblggwdanimation {
-webkit-animation: gwd-gen-cblggwdanimation_animation 10s linear 0s 1 forwards;
-moz-animation: gwd-gen-cblggwdanimation_animation 10s linear 0s 1 forwards;
animation: gwd-gen-cblggwdanimation_animation 10s linear 0s 1 forwards;
}

@-webkit-keyframes gwd-gen-cblggwdanimation_animation {
0% { -webkit-transform: matrix3d(0.9109988408, 0, -0.4124089136, 0, 0, 1, 0, 0, 0.4124089136, 0, 0.9109988408, 0, -877.0654646101, -194.8099975586, -1366.0901998473, 1); -webkit-transform-origin: 50% 50% 0px; -webkit-animation-timing-function: linear; }
100% { -webkit-transform: matrix3d(0.9109988408, 0, -0.4124089136, 0, 0, 1, 0, 0, 0.4124089136, 0, 0.9109988408, 0, 227.9786541076, -194.8099975586, 1074.9189005551, 1); -webkit-transform-origin: 50% 50% 0px; -webkit-animation-timing-function: linear; }
}
@-moz-keyframes gwd-gen-cblggwdanimation_animation {
0% { -moz-transform: matrix3d(0.9109988408, 0, -0.4124089136, 0, 0, 1, 0, 0, 0.4124089136, 0, 0.9109988408, 0, -877.0654646101, -194.8099975586, -1366.0901998473, 1); -moz-transform-origin: 50% 50% 0px; -moz-animation-timing-function: linear; }
100% { -moz-transform: matrix3d(0.9109988408, 0, -0.4124089136, 0, 0, 1, 0, 0, 0.4124089136, 0, 0.9109988408, 0, 227.9786541076, -194.8099975586, 1074.9189005551, 1); -moz-transform-origin: 50% 50% 0px; -moz-animation-timing-function: linear; }
}
@keyframes gwd-gen-cblggwdanimation_animation {
0% { transform: matrix3d(0.9109988408, 0, -0.4124089136, 0, 0, 1, 0, 0, 0.4124089136, 0, 0.9109988408, 0, -877.0654646101, -194.8099975586, -1366.0901998473, 1); transform-origin: 50% 50% 0px; animation-timing-function: linear; }
100% { transform: matrix3d(0.9109988408, 0, -0.4124089136, 0, 0, 1, 0, 0, 0.4124089136, 0, 0.9109988408, 0, 227.9786541076, -194.8099975586, 1074.9189005551, 1); transform-origin: 50% 50% 0px; animation-timing-function: linear; }
}
@-webkit-keyframes gwd-gen-3444gwdanimation_animation {
0% { top: 347.6px; left: 240.4px; -webkit-transform: matrix3d(-1, 0, 0, 0, 0, 0, 1, 0, 0, 1, 0, 0, 0, -535.5, -0.12, 1); -webkit-animation-timing-function: linear; }
100% { top: 347.6px; left: 240.4px; -webkit-transform: matrix3d(-0.9109988408, 0, 0.4124089136, 0, 0.4124089136, 0, 0.9109988408, 0, 0, 1, 0, 0, 21.540329074, -1012.5, -67.169501719, 1); -webkit-animation-timing-function: linear; }
}
@-moz-keyframes gwd-gen-3444gwdanimation_animation {
0% { top: 347.6px; left: 240.4px; -moz-transform: matrix3d(-1, 0, 0, 0, 0, 0, 1, 0, 0, 1, 0, 0, 0, -535.5, -0.12, 1); -moz-animation-timing-function: linear; }
100% { top: 347.6px; left: 240.4px; -moz-transform: matrix3d(-0.9109988408, 0, 0.4124089136, 0, 0.4124089136, 0, 0.9109988408, 0, 0, 1, 0, 0, 21.540329074, -1012.5, -67.169501719, 1); -moz-animation-timing-function: linear; }
}
@keyframes gwd-gen-3444gwdanimation_animation {
0% { top: 347.6px; left: 240.4px; transform: matrix3d(-1, 0, 0, 0, 0, 0, 1, 0, 0, 1, 0, 0, 0, -535.5, -0.12, 1); animation-timing-function: linear; }
100% { top: 347.6px; left: 240.4px; transform: matrix3d(-0.9109988408, 0, 0.4124089136, 0, 0.4124089136, 0, 0.9109988408, 0, 0, 1, 0, 0, 21.540329074, -1012.5, -67.169501719, 1); animation-timing-function: linear; }
}

.gwd-gen-3444gwdanimation-gen-animation0keyframe {
top: 347.6px;
left: 240.4px;
-webkit-transform: matrix3d(-1, 0, 0, 0, 0, 0, 1, 0, 0, 1, 0, 0, 0, -535.5, -0.12, 1);
-moz-transform: matrix3d(-1, 0, 0, 0, 0, 0, 1, 0, 0, 1, 0, 0, 0, -535.5, -0.12, 1);
transform: matrix3d(-1, 0, 0, 0, 0, 0, 1, 0, 0, 1, 0, 0, 0, -535.5, -0.12, 1);
}

.gwd-gen-cblggwdanimation-gen-animation0keyframe {
-webkit-transform: matrix3d(0.9109988408, 0, -0.4124089136, 0, 0, 1, 0, 0, 0.4124089136, 0, 0.9109988408, 0, -877.0654646101, -194.8099975586, -1366.0901998473, 1);
-moz-transform: matrix3d(0.9109988408, 0, -0.4124089136, 0, 0, 1, 0, 0, 0.4124089136, 0, 0.9109988408, 0, -877.0654646101, -194.8099975586, -1366.0901998473, 1);
transform: matrix3d(0.9109988408, 0, -0.4124089136, 0, 0, 1, 0, 0, 0.4124089136, 0, 0.9109988408, 0, -877.0654646101, -194.8099975586, -1366.0901998473, 1);
-webkit-transform-origin: 50% 50% 0px;
-moz-transform-origin: 50% 50% 0px;
transform-origin: 50% 50% 0px;
}
